-1
0.5	0.5
0.5	0.5
0.5	0.5
0.5	0.5
0.5	0.5
0.5	0.5
0.5	0.5
0.5	0.5
0.5	0.5
0.5	0.5
0.5	0.5
0.5	0.5
0.5	0.5
0.5	0.5
0.5	0.5
0.5	0.5
0.5	0.5
0.5	0.5
0.5	0.5
0.5	0.5
-1
0.5	0.5
0.5	0.5
0.5	0.5
0.5	0.5
0.5	0.5
0.5	0.5
0.5	0.5
0.5	0.5
0.5	0.5
0.5	0.5
0.5	0.5
0.5	0.5
0.5	0.5
0.5	0.5
0.5	0.5
0.5	0.5
0.5	0.5
0.5	0.5
0.5	0.5
0.5	0.5
-1
0.5	0.5
0.5	0.5
0.5	0.5
0.46268333068483997	0.4667213853770474
0.5	0.5
0.5	0.5
0.5	0.5
0.5	0.5
0.5	0.5
0.5	0.5
0.5	0.5
0.5	0.5
0.5	0.5
0.5	0.5
0.5	0.5
0.46883410863191405	0.46090157016921696
0.5	0.5
0.5	0.5
0.5	0.5
0.5	0.5
-1
0.46268333068483997	0.4667213853770474
0.46268333068483997	0.4667213853770474
0.46268333068483997	0.4667213853770474
0.5091489253712832	0.4851861764789034
0.46268333068483997	0.4667213853770474
0.46268333068483997	0.4667213853770474
0.46268333068483997	0.4667213853770474
0.46268333068483997	0.4667213853770474
0.46268333068483997	0.4667213853770474
0.46268333068483997	0.4667213853770474
0.46268333068483997	0.4667213853770474
0.46268333068483997	0.4667213853770474
0.46268333068483997	0.4667213853770474
0.46268333068483997	0.4667213853770474
0.46268333068483997	0.4667213853770474
0.4802143533040293	0.4122138917361391
0.46268333068483997	0.4667213853770474
0.46268333068483997	0.4667213853770474
0.46268333068483997	0.4667213853770474
0.46268333068483997	0.4667213853770474
-1
0.4779923032341763	0.4191226946441746
0.4779923032341763	0.4191226946441746
0.4779923032341763	0.4191226946441746
0.4950164889491211	0.533147350784518
0.4779923032341763	0.4191226946441746
0.4779923032341763	0.4191226946441746
0.4779923032341763	0.4191226946441746
0.4779923032341763	0.4191226946441746
0.4779923032341763	0.4191226946441746
0.4779923032341763	0.4191226946441746
0.4779923032341763	0.4191226946441746
0.4779923032341763	0.4191226946441746
0.4779923032341763	0.4191226946441746
0.4779923032341763	0.4191226946441746
0.4779923032341763	0.4191226946441746
0.4433142844238389	0.3784739315014677
0.4779923032341763	0.4191226946441746
0.4779923032341763	0.4191226946441746
0.4779923032341763	0.4191226946441746
0.4779923032341763	0.4191226946441746
-1
0.4455411731224886	0.3810842383864042
0.4455411731224886	0.3810842383864042
0.4455411731224886	0.3810842383864042
0.46590284318687336	0.49249768128487315
0.4455411731224886	0.3810842383864042
0.4455411731224886	0.3810842383864042
0.4455411731224886	0.3810842383864042
0.4455411731224886	0.3810842383864042
0.4455411731224886	0.3810842383864042
0.4455411731224886	0.3810842383864042
0.4455411731224886	0.3810842383864042
0.4455411731224886	0.3810842383864042
0.4455411731224886	0.3810842383864042
0.4455411731224886	0.3810842383864042
0.4455411731224886	0.3810842383864042
0.42618668203381815	0.42544887414506605
0.4455411731224886	0.3810842383864042
0.4455411731224886	0.3810842383864042
0.4455411731224886	0.3810842383864042
0.4455411731224886	0.3810842383864042
-1
0.4433142844238389	0.3784739315014677
0.4433142844238389	0.3784739315014677
0.4433142844238389	0.3784739315014677
0.47189122754098967	0.5421377785130955
0.4433142844238389	0.3784739315014677
0.4433142844238389	0.3784739315014677
0.4433142844238389	0.3784739315014677
0.4433142844238389	0.3784739315014677
0.4433142844238389	0.3784739315014677
0.4433142844238389	0.3784739315014677
0.4433142844238389	0.3784739315014677
0.4433142844238389	0.3784739315014677
0.4433142844238389	0.3784739315014677
0.4433142844238389	0.3784739315014677
0.4433142844238389	0.3784739315014677
0.4519907612429381	0.46827584574205694
0.4433142844238389	0.3784739315014677
0.4433142844238389	0.3784739315014677
0.4433142844238389	0.3784739315014677
0.4433142844238389	0.3784739315014677
-1
0.4433142844238389	0.3784739315014677
0.4433142844238389	0.3784739315014677
0.4433142844238389	0.3784739315014677
0.42326661699338936	0.530491008613497
0.4433142844238389	0.3784739315014677
0.4433142844238389	0.3784739315014677
0.4433142844238389	0.3784739315014677
0.4433142844238389	0.3784739315014677
0.4433142844238389	0.3784739315014677
0.4433142844238389	0.3784739315014677
0.4433142844238389	0.3784739315014677
0.4433142844238389	0.3784739315014677
0.4433142844238389	0.3784739315014677
0.4433142844238389	0.3784739315014677
0.4433142844238389	0.3784739315014677
0.476203338255619	0.512022286904796
0.4433142844238389	0.3784739315014677
0.4433142844238389	0.3784739315014677
0.4433142844238389	0.3784739315014677
0.4433142844238389	0.3784739315014677
-1
0.4433142844238389	0.3784739315014677
0.4433142844238389	0.3784739315014677
0.4433142844238389	0.3784739315014677
0.3835509605118523	0.5608664366802838
0.4433142844238389	0.3784739315014677
0.4433142844238389	0.3784739315014677
0.4433142844238389	0.3784739315014677
0.4433142844238389	0.3784739315014677
0.4433142844238389	0.3784739315014677
0.4433142844238389	0.3784739315014677
0.4433142844238389	0.3784739315014677
0.4433142844238389	0.3784739315014677
0.4433142844238389	0.3784739315014677
0.4433142844238389	0.3784739315014677
0.4433142844238389	0.3784739315014677
0.5259888100722914	0.5166490347897931
0.4433142844238389	0.3784739315014677
0.4433142844238389	0.3784739315014677
0.4433142844238389	0.3784739315014677
0.4433142844238389	0.3784739315014677
-1
0.4433142844238389	0.3784739315014677
0.4433142844238389	0.3784739315014677
0.4433142844238389	0.3784739315014677
0.35464492907105916	0.6016640021265685
0.4433142844238389	0.3784739315014677
0.4433142844238389	0.3784739315014677
0.4433142844238389	0.3784739315014677
0.4433142844238389	0.3784739315014677
0.4433142844238389	0.3784739315014677
0.4433142844238389	0.3784739315014677
0.4433142844238389	0.3784739315014677
0.4433142844238389	0.3784739315014677
0.4433142844238389	0.3784739315014677
0.4433142844238389	0.3784739315014677
0.4433142844238389	0.3784739315014677
0.5342764169621774	0.46734066255911894
0.4433142844238389	0.3784739315014677
0.4433142844238389	0.3784739315014677
0.4433142844238389	0.3784739315014677
0.4433142844238389	0.3784739315014677
-1
0.4433142844238389	0.3784739315014677
0.4433142844238389	0.3784739315014677
0.4433142844238389	0.3784739315014677
0.39851070533909677	0.5776683010031908
0.4433142844238389	0.3784739315014677
0.4433142844238389	0.3784739315014677
0.4433142844238389	0.3784739315014677
0.4433142844238389	0.3784739315014677
0.4433142844238389	0.3784739315014677
0.4433142844238389	0.3784739315014677
0.4433142844238389	0.3784739315014677
0.4433142844238389	0.3784739315014677
0.4433142844238389	0.3784739315014677
0.4433142844238389	0.3784739315014677
0.4433142844238389	0.3784739315014677
0.5733095115460681	0.4360929822099307
0.4433142844238389	0.3784739315014677
0.4433142844238389	0.3784739315014677
0.4433142844238389	0.3784739315014677
0.4433142844238389	0.3784739315014677
-1
0.4433142844238389	0.3784739315014677
0.4433142844238389	0.3784739315014677
0.4433142844238389	0.3784739315014677
0.40861572314591826	0.5287000601207186
0.4433142844238389	0.3784739315014677
0.4433142844238389	0.3784739315014677
0.4433142844238389	0.3784739315014677
0.4433142844238389	0.3784739315014677
0.4433142844238389	0.3784739315014677
0.4433142844238389	0.3784739315014677
0.4433142844238389	0.3784739315014677
0.4433142844238389	0.3784739315014677
0.4433142844238389	0.3784739315014677
0.4433142844238389	0.3784739315014677
0.4433142844238389	0.3784739315014677
0.5405990076674391	0.4739086262743414
0.4433142844238389	0.3784739315014677
0.4433142844238389	0.3784739315014677
0.4433142844238389	0.3784739315014677
0.4433142844238389	0.3784739315014677
-1
0.4433142844238389	0.3784739315014677
0.4433142844238389	0.3784739315014677
0.4433142844238389	0.3784739315014677
0.4447086765501982	0.49409805563316783
0.4433142844238389	0.3784739315014677
0.4433142844238389	0.3784739315014677
0.4433142844238389	0.3784739315014677
0.4433142844238389	0.3784739315014677
0.4433142844238389	0.3784739315014677
0.4433142844238389	0.3784739315014677
0.4433142844238389	0.3784739315014677
0.4433142844238389	0.3784739315014677
0.4433142844238389	0.3784739315014677
0.4433142844238389	0.3784739315014677
0.4433142844238389	0.3784739315014677
0.5112843597482515	0.4334036708074597
0.4433142844238389	0.3784739315014677
0.4433142844238389	0.3784739315014677
0.4433142844238389	0.3784739315014677
0.4433142844238389	0.3784739315014677
-1
0.4433142844238389	0.3784739315014677
0.4433142844238389	0.3784739315014677
0.4433142844238389	0.3784739315014677
0.4492540985649645	0.543891018375986
0.4433142844238389	0.3784739315014677
0.4433142844238389	0.3784739315014677
0.4433142844238389	0.3784739315014677
0.4433142844238389	0.3784739315014677
0.4433142844238389	0.3784739315014677
0.4433142844238389	0.3784739315014677
0.4433142844238389	0.3784739315014677
0.4433142844238389	0.3784739315014677
0.4433142844238389	0.3784739315014677
0.4433142844238389	0.3784739315014677
0.4433142844238389	0.3784739315014677
0.539857164233916	0.39237203857299957
0.4433142844238389	0.3784739315014677
0.4433142844238389	0.3784739315014677
0.4433142844238389	0.3784739315014677
0.4433142844238389	0.3784739315014677
-1
0.4433142844238389	0.3784739315014677
0.4433142844238389	0.3784739315014677
0.4433142844238389	0.3784739315014677
0.48797799680248904	0.5755210627213524
0.4433142844238389	0.3784739315014677
0.4433142844238389	0.3784739315014677
0.4433142844238389	0.3784739315014677
0.4433142844238389	0.3784739315014677
0.4433142844238389	0.3784739315014677
0.4433142844238389	0.3784739315014677
0.4433142844238389	0.3784739315014677
0.4433142844238389	0.3784739315014677
0.4433142844238389	0.3784739315014677
0.4433142844238389	0.3784739315014677
0.4433142844238389	0.3784739315014677
0.5637123863604208	0.34842970844253063
0.4433142844238389	0.3784739315014677
0.4433142844238389	0.3784739315014677
0.4433142844238389	0.3784739315014677
0.4433142844238389	0.3784739315014677
-1
0.4433142844238389	0.3784739315014677
0.4433142844238389	0.3784739315014677
0.4433142844238389	0.3784739315014677
0.5234248244802506	0.5402574496395499
0.4433142844238389	0.3784739315014677
0.4433142844238389	0.3784739315014677
0.4433142844238389	0.3784739315014677
0.4433142844238389	0.3784739315014677
0.4433142844238389	0.3784739315014677
0.4433142844238389	0.3784739315014677
0.4433142844238389	0.3784739315014677
0.4433142844238389	0.3784739315014677
0.4433142844238389	0.3784739315014677
0.4433142844238389	0.3784739315014677
0.4433142844238389	0.3784739315014677
0.6078915398716868	0.32501598607661886
0.4433142844238389	0.3784739315014677
0.4433142844238389	0.3784739315014677
0.4433142844238389	0.3784739315014677
0.4433142844238389	0.3784739315014677
-1
0.4433142844238389	0.3784739315014677
0.4433142844238389	0.3784739315014677
0.4433142844238389	0.3784739315014677
0.5466634963362657	0.4959859675052407
0.4433142844238389	0.3784739315014677
0.4433142844238389	0.3784739315014677
0.4433142844238389	0.3784739315014677
0.4433142844238389	0.3784739315014677
0.4433142844238389	0.3784739315014677
0.4433142844238389	0.3784739315014677
0.4433142844238389	0.3784739315014677
0.4433142844238389	0.3784739315014677
0.4433142844238389	0.3784739315014677
0.4433142844238389	0.3784739315014677
0.4433142844238389	0.3784739315014677
0.6242243388043188	0.2777588207043051
0.4433142844238389	0.3784739315014677
0.4433142844238389	0.3784739315014677
0.4433142844238389	0.3784739315014677
0.4433142844238389	0.3784739315014677
-1
0.4433142844238389	0.3784739315014677
0.4433142844238389	0.3784739315014677
0.4433142844238389	0.3784739315014677
0.5287529146302649	0.44930394673757607
0.4433142844238389	0.3784739315014677
0.4433142844238389	0.3784739315014677
0.4433142844238389	0.3784739315014677
0.4433142844238389	0.3784739315014677
0.4433142844238389	0.3784739315014677
0.4433142844238389	0.3784739315014677
0.4433142844238389	0.3784739315014677
0.4433142844238389	0.3784739315014677
0.4433142844238389	0.3784739315014677
0.4433142844238389	0.3784739315014677
0.4433142844238389	0.3784739315014677
0.5749835227730004	0.2864387997693634
0.4433142844238389	0.3784739315014677
0.4433142844238389	0.3784739315014677
0.4433142844238389	0.3784739315014677
0.4433142844238389	0.3784739315014677
-1
0.4433142844238389	0.3784739315014677
0.4433142844238389	0.3784739315014677
0.4433142844238389	0.3784739315014677
0.49472088564723515	0.48593482173802105
0.4433142844238389	0.3784739315014677
0.4433142844238389	0.3784739315014677
0.4433142844238389	0.3784739315014677
0.4433142844238389	0.3784739315014677
0.4433142844238389	0.3784739315014677
0.4433142844238389	0.3784739315014677
0.4433142844238389	0.3784739315014677
0.4433142844238389	0.3784739315014677
0.4433142844238389	0.3784739315014677
0.4433142844238389	0.3784739315014677
0.4433142844238389	0.3784739315014677
0.602670654219133	0.3280731936317048
0.4433142844238389	0.3784739315014677
0.4433142844238389	0.3784739315014677
0.4433142844238389	0.3784739315014677
0.4433142844238389	0.3784739315014677
-1
0.4433142844238389	0.3784739315014677
0.4433142844238389	0.3784739315014677
0.4433142844238389	0.3784739315014677
0.5372089272675649	0.4595764014653808
0.4433142844238389	0.3784739315014677
0.4433142844238389	0.3784739315014677
0.4433142844238389	0.3784739315014677
0.4433142844238389	0.3784739315014677
0.4433142844238389	0.3784739315014677
0.4433142844238389	0.3784739315014677
0.4433142844238389	0.3784739315014677
0.4433142844238389	0.3784739315014677
0.4433142844238389	0.3784739315014677
0.4433142844238389	0.3784739315014677
0.4433142844238389	0.3784739315014677
0.5639036376057274	0.35965037562908914
0.4433142844238389	0.3784739315014677
0.4433142844238389	0.3784739315014677
0.4433142844238389	0.3784739315014677
0.4433142844238389	0.3784739315014677
-1
0.4433142844238389	0.3784739315014677
0.4433142844238389	0.3784739315014677
0.4433142844238389	0.3784739315014677
0.5133285043849178	0.41564776157127586
0.4433142844238389	0.3784739315014677
0.4433142844238389	0.3784739315014677
0.4433142844238389	0.3784739315014677
0.4433142844238389	0.3784739315014677
0.4433142844238389	0.3784739315014677
0.4433142844238389	0.3784739315014677
0.4433142844238389	0.3784739315014677
0.4433142844238389	0.3784739315014677
0.4433142844238389	0.3784739315014677
0.4433142844238389	0.3784739315014677
0.4433142844238389	0.3784739315014677
0.5425062144094625	0.3144602187300481
0.4433142844238389	0.3784739315014677
0.4433142844238389	0.3784739315014677
0.4433142844238389	0.3784739315014677
0.4433142844238389	0.3784739315014677
-1
0.4433142844238389	0.3784739315014677
0.4433142844238389	0.3784739315014677
0.4433142844238389	0.3784739315014677
0.5060749563754982	0.3661766989055614
0.4433142844238389	0.3784739315014677
0.4433142844238389	0.3784739315014677
0.4433142844238389	0.3784739315014677
0.4433142844238389	0.3784739315014677
0.4433142844238389	0.3784739315014677
0.4433142844238389	0.3784739315014677
0.4433142844238389	0.3784739315014677
0.4433142844238389	0.3784739315014677
0.4433142844238389	0.3784739315014677
0.4433142844238389	0.3784739315014677
0.4433142844238389	0.3784739315014677
0.5792399995098904	0.280539295508597
0.4433142844238389	0.3784739315014677
0.4433142844238389	0.3784739315014677
0.4433142844238389	0.3784739315014677
0.4433142844238389	0.3784739315014677
-1
0.4433142844238389	0.3784739315014677
0.4433142844238389	0.3784739315014677
0.4433142844238389	0.3784739315014677
0.5223211769132412	0.41346369836882846
0.4433142844238389	0.3784739315014677
0.4433142844238389	0.3784739315014677
0.4433142844238389	0.3784739315014677
0.4433142844238389	0.3784739315014677
0.4433142844238389	0.3784739315014677
0.4433142844238389	0.3784739315014677
0.4433142844238389	0.3784739315014677
0.4433142844238389	0.3784739315014677
0.4433142844238389	0.3784739315014677
0.4433142844238389	0.3784739315014677
0.4433142844238389	0.3784739315014677
0.5584054177332918	0.23508690060806148
0.4433142844238389	0.3784739315014677
0.4433142844238389	0.3784739315014677
0.4433142844238389	0.3784739315014677
0.4433142844238389	0.3784739315014677
-1
0.4433142844238389	0.3784739315014677
0.4433142844238389	0.3784739315014677
0.4433142844238389	0.3784739315014677
0.4778741225167933	0.43636477597402423
0.4433142844238389	0.3784739315014677
0.4433142844238389	0.3784739315014677
0.4433142844238389	0.3784739315014677
0.4433142844238389	0.3784739315014677
0.4433142844238389	0.3784739315014677
0.4433142844238389	0.3784739315014677
0.4433142844238389	0.3784739315014677
0.4433142844238389	0.3784739315014677
0.4433142844238389	0.3784739315014677
0.4433142844238389	0.3784739315014677
0.4433142844238389	0.3784739315014677
0.5257438990818614	0.2729448614535991
0.4433142844238389	0.3784739315014677
0.4433142844238389	0.3784739315014677
0.4433142844238389	0.3784739315014677
0.4433142844238389	0.3784739315014677
-1
0.4433142844238389	0.3784739315014677
0.4433142844238389	0.3784739315014677
0.4433142844238389	0.3784739315014677
0.4281320511857018	0.4312926620466163
0.4433142844238389	0.3784739315014677
0.4433142844238389	0.3784739315014677
0.4433142844238389	0.3784739315014677
0.4433142844238389	0.3784739315014677
0.4433142844238389	0.3784739315014677
0.4433142844238389	0.3784739315014677
0.4433142844238389	0.3784739315014677
0.4433142844238389	0.3784739315014677
0.4433142844238389	0.3784739315014677
0.4433142844238389	0.3784739315014677
0.4433142844238389	0.3784739315014677
0.5435219734511157	0.22621221684919796
0.4433142844238389	0.3784739315014677
0.4433142844238389	0.3784739315014677
0.4433142844238389	0.3784739315014677
0.4433142844238389	0.3784739315014677
-1
0.4433142844238389	0.3784739315014677
0.4433142844238389	0.3784739315014677
0.4433142844238389	0.3784739315014677
0.4013862573065922	0.3890473959239348
0.4433142844238389	0.3784739315014677
0.4433142844238389	0.3784739315014677
0.4433142844238389	0.3784739315014677
0.4433142844238389	0.3784739315014677
0.4433142844238389	0.3784739315014677
0.4433142844238389	0.3784739315014677
0.4433142844238389	0.3784739315014677
0.4433142844238389	0.3784739315014677
0.4433142844238389	0.3784739315014677
0.4433142844238389	0.3784739315014677
0.4433142844238389	0.3784739315014677
0.5886810057249677	0.20474918341752305
0.4433142844238389	0.3784739315014677
0.4433142844238389	0.3784739315014677
0.4433142844238389	0.3784739315014677
0.4433142844238389	0.3784739315014677
-1
0.4013862573065922	0.3890473959239348
0.4013862573065922	0.3890473959239348
0.4013862573065922	0.3890473959239348
0.45138619331478874	0.38896740107253236
0.4013862573065922	0.3890473959239348
0.4013862573065922	0.3890473959239348
0.4013862573065922	0.3890473959239348
0.4013862573065922	0.3890473959239348
0.4013862573065922	0.3890473959239348
0.4013862573065922	0.3890473959239348
0.4013862573065922	0.3890473959239348
0.4013862573065922	0.3890473959239348
0.4013862573065922	0.3890473959239348
0.4013862573065922	0.3890473959239348
0.4013862573065922	0.3890473959239348
0.6033270478625148	0.25255601817684586
0.4013862573065922	0.3890473959239348
0.4013862573065922	0.3890473959239348
0.4013862573065922	0.3890473959239348
0.4013862573065922	0.3890473959239348
-1
0.4013862573065922	0.3890473959239348
0.4013862573065922	0.3890473959239348
0.4013862573065922	0.3890473959239348
0.46961946608157357	0.43552433142894675
0.4013862573065922	0.3890473959239348
0.4013862573065922	0.3890473959239348
0.4013862573065922	0.3890473959239348
0.4013862573065922	0.3890473959239348
0.4013862573065922	0.3890473959239348
0.4013862573065922	0.3890473959239348
0.4013862573065922	0.3890473959239348
0.4013862573065922	0.3890473959239348
0.4013862573065922	0.3890473959239348
0.4013862573065922	0.3890473959239348
0.4013862573065922	0.3890473959239348
0.6039010422429055	0.3025527233728013
0.4013862573065922	0.3890473959239348
0.4013862573065922	0.3890473959239348
0.4013862573065922	0.3890473959239348
0.4013862573065922	0.3890473959239348
-1
0.4013862573065922	0.3890473959239348
0.4013862573065922	0.3890473959239348
0.4013862573065922	0.3890473959239348
0.49307059668465736	0.4796836393202295
0.4013862573065922	0.3890473959239348
0.4013862573065922	0.3890473959239348
0.4013862573065922	0.3890473959239348
0.4013862573065922	0.3890473959239348
0.4013862573065922	0.3890473959239348
0.4013862573065922	0.3890473959239348
0.4013862573065922	0.3890473959239348
0.4013862573065922	0.3890473959239348
0.4013862573065922	0.3890473959239348
0.4013862573065922	0.3890473959239348
0.4013862573065922	0.3890473959239348
0.5621327118784331	0.2750680625860227
0.4013862573065922	0.3890473959239348
0.4013862573065922	0.3890473959239348
0.4013862573065922	0.3890473959239348
0.4013862573065922	0.3890473959239348
-1
0.4013862573065922	0.3890473959239348
0.4013862573065922	0.3890473959239348
0.4013862573065922	0.3890473959239348
0.5045799403682887	0.5283409615643898
0.4013862573065922	0.3890473959239348
0.4013862573065922	0.3890473959239348
0.4013862573065922	0.3890473959239348
0.4013862573065922	0.3890473959239348
0.4013862573065922	0.3890473959239348
0.4013862573065922	0.3890473959239348
0.4013862573065922	0.3890473959239348
0.4013862573065922	0.3890473959239348
0.4013862573065922	0.3890473959239348
0.4013862573065922	0.3890473959239348
0.4013862573065922	0.3890473959239348
0.5630577426555797	0.3250595050343191
0.4013862573065922	0.3890473959239348
0.4013862573065922	0.3890473959239348
0.4013862573065922	0.3890473959239348
0.4013862573065922	0.3890473959239348
-1
0.4013862573065922	0.3890473959239348
0.4013862573065922	0.3890473959239348
0.4013862573065922	0.3890473959239348
0.5360711085873943	0.567177881166696
0.4013862573065922	0.3890473959239348
0.4013862573065922	0.3890473959239348
0.4013862573065922	0.3890473959239348
0.4013862573065922	0.3890473959239348
0.4013862573065922	0.3890473959239348
0.4013862573065922	0.3890473959239348
0.4013862573065922	0.3890473959239348
0.4013862573065922	0.3890473959239348
0.4013862573065922	0.3890473959239348
0.4013862573065922	0.3890473959239348
0.4013862573065922	0.3890473959239348
0.5254125671003775	0.3579660508484578
0.4013862573065922	0.3890473959239348
0.4013862573065922	0.3890473959239348
0.4013862573065922	0.3890473959239348
0.4013862573065922	0.3890473959239348
-1
0.4013862573065922	0.3890473959239348
0.4013862573065922	0.3890473959239348
0.4013862573065922	0.3890473959239348
0.5842133420676496	0.5806806718239111
0.4013862573065922	0.3890473959239348
0.4013862573065922	0.3890473959239348
0.4013862573065922	0.3890473959239348
0.4013862573065922	0.3890473959239348
0.4013862573065922	0.3890473959239348
0.4013862573065922	0.3890473959239348
0.4013862573065922	0.3890473959239348
0.4013862573065922	0.3890473959239348
0.4013862573065922	0.3890473959239348
0.4013862573065922	0.3890473959239348
0.4013862573065922	0.3890473959239348
0.5477879224540462	0.40268006959870045
0.4013862573065922	0.3890473959239348
0.4013862573065922	0.3890473959239348
0.4013862573065922	0.3890473959239348
0.4013862573065922	0.3890473959239348
-1
0.4013862573065922	0.3890473959239348
0.4013862573065922	0.3890473959239348
0.4013862573065922	0.3890473959239348
0.5405602878173003	0.5563001292824488
0.4013862573065922	0.3890473959239348
0.4013862573065922	0.3890473959239348
0.4013862573065922	0.3890473959239348
0.4013862573065922	0.3890473959239348
0.4013862573065922	0.3890473959239348
0.4013862573065922	0.3890473959239348
0.4013862573065922	0.3890473959239348
0.4013862573065922	0.3890473959239348
0.4013862573065922	0.3890473959239348
0.4013862573065922	0.3890473959239348
0.4013862573065922	0.3890473959239348
0.5913956102624962	0.37821847594659436
0.4013862573065922	0.3890473959239348
0.4013862573065922	0.3890473959239348
0.4013862573065922	0.3890473959239348
0.4013862573065922	0.3890473959239348
-1
0.4013862573065922	0.3890473959239348
0.4013862573065922	0.3890473959239348
0.4013862573065922	0.3890473959239348
0.5787810971986453	0.5885362849191694
0.4013862573065922	0.3890473959239348
0.4013862573065922	0.3890473959239348
0.4013862573065922	0.3890473959239348
0.4013862573065922	0.3890473959239348
0.4013862573065922	0.3890473959239348
0.4013862573065922	0.3890473959239348
0.4013862573065922	0.3890473959239348
0.4013862573065922	0.3890473959239348
0.4013862573065922	0.3890473959239348
0.4013862573065922	0.3890473959239348
0.4013862573065922	0.3890473959239348
0.6191736463646904	0.3366446775838612
0.4013862573065922	0.3890473959239348
0.4013862573065922	0.3890473959239348
0.4013862573065922	0.3890473959239348
0.4013862573065922	0.3890473959239348
-1
0.4013862573065922	0.3890473959239348
0.4013862573065922	0.3890473959239348
0.4013862573065922	0.3890473959239348
0.5532759583474579	0.545530612128459
0.4013862573065922	0.3890473959239348
0.4013862573065922	0.3890473959239348
0.4013862573065922	0.3890473959239348
0.4013862573065922	0.3890473959239348
0.4013862573065922	0.3890473959239348
0.4013862573065922	0.3890473959239348
0.4013862573065922	0.3890473959239348
0.4013862573065922	0.3890473959239348
0.4013862573065922	0.3890473959239348
0.4013862573065922	0.3890473959239348
0.4013862573065922	0.3890473959239348
0.6594339322928756	0.3069948988834935
0.4013862573065922	0.3890473959239348
0.4013862573065922	0.3890473959239348
0.4013862573065922	0.3890473959239348
0.4013862573065922	0.3890473959239348
-1
0.4013862573065922	0.3890473959239348
0.4013862573065922	0.3890473959239348
0.4013862573065922	0.3890473959239348
0.5343010927636803	0.49927097014889354
0.4013862573065922	0.3890473959239348
0.4013862573065922	0.3890473959239348
0.4013862573065922	0.3890473959239348
0.4013862573065922	0.3890473959239348
0.4013862573065922	0.3890473959239348
0.4013862573065922	0.3890473959239348
0.4013862573065922	0.3890473959239348
0.4013862573065922	0.3890473959239348
0.4013862573065922	0.3890473959239348
0.4013862573065922	0.3890473959239348
0.4013862573065922	0.3890473959239348
0.6101314741284046	0.3153176159242555
0.4013862573065922	0.3890473959239348
0.4013862573065922	0.3890473959239348
0.4013862573065922	0.3890473959239348
0.4013862573065922	0.3890473959239348
-1
0.4013862573065922	0.3890473959239348
0.4013862573065922	0.3890473959239348
0.4013862573065922	0.3890473959239348
0.49543426057643675	0.5307252124021835
0.4013862573065922	0.3890473959239348
0.4013862573065922	0.3890473959239348
0.4013862573065922	0.3890473959239348
0.4013862573065922	0.3890473959239348
0.4013862573065922	0.3890473959239348
0.4013862573065922	0.3890473959239348
0.4013862573065922	0.3890473959239348
0.4013862573065922	0.3890473959239348
0.4013862573065922	0.3890473959239348
0.4013862573065922	0.3890473959239348
0.4013862573065922	0.3890473959239348
0.6298979763729462	0.26939065881825364
0.4013862573065922	0.3890473959239348
0.4013862573065922	0.3890473959239348
0.4013862573065922	0.3890473959239348
0.4013862573065922	0.3890473959239348
-1
0.4013862573065922	0.3890473959239348
0.4013862573065922	0.3890473959239348
0.4013862573065922	0.3890473959239348
0.447624558608437	0.5160885325282831
0.4013862573065922	0.3890473959239348
0.4013862573065922	0.3890473959239348
0.4013862573065922	0.3890473959239348
0.4013862573065922	0.3890473959239348
0.4013862573065922	0.3890473959239348
0.4013862573065922	0.3890473959239348
0.4013862573065922	0.3890473959239348
0.4013862573065922	0.3890473959239348
0.4013862573065922	0.3890473959239348
0.4013862573065922	0.3890473959239348
0.4013862573065922	0.3890473959239348
0.6798059794372663	0.2724223629812314
0.4013862573065922	0.3890473959239348
0.4013862573065922	0.3890473959239348
0.4013862573065922	0.3890473959239348
0.4013862573065922	0.3890473959239348
-1
0.4013862573065922	0.3890473959239348
0.4013862573065922	0.3890473959239348
0.4013862573065922	0.3890473959239348
0.48362038658408985	0.5507915636400924
0.4013862573065922	0.3890473959239348
0.4013862573065922	0.3890473959239348
0.4013862573065922	0.3890473959239348
0.4013862573065922	0.3890473959239348
0.4013862573065922	0.3890473959239348
0.4013862573065922	0.3890473959239348
0.4013862573065922	0.3890473959239348
0.4013862573065922	0.3890473959239348
0.4013862573065922	0.3890473959239348
0.4013862573065922	0.3890473959239348
0.4013862573065922	0.3890473959239348
0.720510015140172	0.301459950303469
0.4013862573065922	0.3890473959239348
0.4013862573065922	0.3890473959239348
0.4013862573065922	0.3890473959239348
0.4013862573065922	0.3890473959239348
-1
0.4013862573065922	0.3890473959239348
0.4013862573065922	0.3890473959239348
0.4013862573065922	0.3890473959239348
0.4445878458370361	0.5195431914772166
0.4013862573065922	0.3890473959239348
0.4013862573065922	0.3890473959239348
0.4013862573065922	0.3890473959239348
0.4013862573065922	0.3890473959239348
0.4013862573065922	0.3890473959239348
0.4013862573065922	0.3890473959239348
0.4013862573065922	0.3890473959239348
0.4013862573065922	0.3890473959239348
0.4013862573065922	0.3890473959239348
0.4013862573065922	0.3890473959239348
0.4013862573065922	0.3890473959239348
0.6851806947370758	0.2660786117214514
0.4013862573065922	0.3890473959239348
0.4013862573065922	0.3890473959239348
0.4013862573065922	0.3890473959239348
0.4013862573065922	0.3890473959239348
